4
2275
351;199
350;199
350;200
351;200
352;200
353;200
352;200
352;201
351;201
350;201
349;201
350;201
351;201
352;201
353;201
354;201
353;201
353;202
352;202
351;202
350;202
349;202
350;202
351;202
352;202
353;202
354;202
353;202
353;203
352;203
351;203
350;203
349;203
350;203
351;203
352;203
353;203
354;203
353;203
353;204
352;204
351;204
350;204
349;204
350;204
351;204
352;204
353;204
354;204
353;204
353;205
352;205
351;205
350;205
349;205
350;205
351;205
352;205
353;205
354;205
353;205
353;206
352;206
351;206
350;206
349;206
350;206
351;206
352;206
353;206
354;206
353;206
353;207
352;207
351;207
350;207
349;207
350;207
351;207
352;207
353;207
354;207
353;207
353;208
352;208
351;208
350;208
349;208
350;208
351;208
352;208
353;208
354;208
353;208
353;209
352;209
351;209
350;209
349;209
350;209
351;209
352;209
353;209
354;209
353;209
353;210
352;210
351;210
350;210
349;210
348;210
349;210
350;210
351;210
352;210
353;210
352;210
352;211
351;211
350;211
349;211
348;211
349;211
350;211
351;211
352;211
353;211
352;211
352;212
351;212
350;212
349;212
348;212
349;212
350;212
351;212
352;212
353;212
352;212
352;213
351;213
350;213
349;213
348;213
349;213
350;213
351;213
352;213
353;213
352;213
352;214
351;214
350;214
349;214
348;214
349;214
350;214
351;214
352;214
353;214
352;214
352;215
351;215
350;215
349;215
348;215
349;215
350;215
351;215
352;215
353;215
352;215
352;216
351;216
350;216
349;216
348;216
349;216
350;216
351;216
352;216
353;216
352;216
352;217
351;217
350;217
349;217
348;217
349;217
350;217
351;217
352;217
353;217
352;217
352;218
351;218
350;218
349;218
348;218
349;218
350;218
351;218
352;218
353;218
352;218
352;219
351;219
350;219
349;219
348;219
349;219
350;219
351;219
352;219
353;219
352;219
352;220
351;220
350;220
349;220
348;220
347;220
346;220
347;220
348;220
349;220
350;220
351;220
350;220
350;221
349;221
348;221
347;221
346;221
347;221
348;221
349;221
350;221
351;221
350;221
350;222
349;222
348;222
347;222
346;222
347;222
348;222
349;222
350;222
351;222
350;222
350;223
349;223
348;223
347;223
346;223
347;223
348;223
349;223
350;223
351;223
350;223
350;224
349;224
348;224
347;224
346;224
347;224
348;224
349;224
350;224
351;224
350;224
350;225
349;225
348;225
347;225
346;225
347;225
348;225
349;225
350;225
351;225
350;225
350;226
349;226
348;226
347;226
346;226
347;226
348;226
349;226
350;226
351;226
350;226
350;227
349;227
348;227
347;227
346;227
347;227
348;227
349;227
350;227
351;227
350;227
350;228
349;228
348;228
347;228
346;228
347;228
348;228
349;228
350;228
351;228
350;228
350;229
349;229
348;229
347;229
346;229
347;229
348;229
349;229
350;229
351;229
350;229
350;230
349;230
348;230
347;230
346;230
345;230
346;230
347;230
348;230
349;230
350;230
349;230
349;231
348;231
347;231
346;231
345;231
346;231
347;231
348;231
349;231
350;231
349;231
349;232
348;232
347;232
346;232
345;232
346;232
347;232
348;232
349;232
350;232
349;232
349;233
348;233
347;233
346;233
345;233
346;233
347;233
348;233
349;233
350;233
349;233
349;234
348;234
347;234
346;234
345;234
346;234
347;234
348;234
349;234
350;234
349;234
349;235
348;235
347;235
346;235
345;235
346;235
347;235
348;235
349;235
350;235
349;235
349;236
348;236
347;236
346;236
345;236
346;236
347;236
348;236
349;236
350;236
349;236
349;237
348;237
347;237
346;237
345;237
346;237
347;237
348;237
349;237
350;237
349;237
349;238
348;238
347;238
346;238
345;238
346;238
347;238
348;238
349;238
350;238
349;238
349;239
348;239
347;239
346;239
345;239
346;239
347;239
348;239
349;239
350;239
349;239
349;240
348;240
347;240
346;240
345;240
346;240
347;240
348;240
349;240
350;240
349;240
349;241
348;241
347;241
346;241
345;241
344;241
345;241
346;241
347;241
348;241
349;241
348;241
348;242
347;242
346;242
345;242
344;242
345;242
346;242
347;242
348;242
349;242
348;242
348;243
347;243
346;243
345;243
344;243
345;243
346;243
347;243
348;243
349;243
348;243
348;244
347;244
346;244
345;244
344;244
345;244
346;244
347;244
348;244
349;244
348;244
348;245
347;245
346;245
345;245
344;245
345;245
346;245
347;245
348;245
349;245
348;245
348;246
347;246
346;246
345;246
344;246
345;246
346;246
347;246
348;246
349;246
348;246
348;247
347;247
346;247
345;247
344;247
345;247
346;247
347;247
348;247
349;247
348;247
348;248
347;248
346;248
345;248
344;248
345;248
346;248
347;248
348;248
349;248
348;248
348;249
347;249
346;249
345;249
344;249
345;249
346;249
347;249
348;249
349;249
348;249
348;250
347;250
346;250
345;250
344;250
345;250
346;250
347;250
348;250
349;250
348;250
348;251
347;251
346;251
345;251
344;251
343;251
344;251
345;251
346;251
347;251
348;251
347;251
347;252
346;252
345;252
344;252
343;252
344;252
345;252
346;252
347;252
348;252
347;252
347;253
346;253
345;253
344;253
343;253
344;253
345;253
346;253
347;253
348;253
347;253
347;254
346;254
345;254
344;254
343;254
344;254
345;254
346;254
347;254
348;254
347;254
347;255
346;255
345;255
344;255
343;255
344;255
345;255
346;255
347;255
348;255
347;255
347;256
346;256
345;256
344;256
343;256
344;256
345;256
346;256
347;256
348;256
347;256
347;257
346;257
345;257
344;257
343;257
344;257
345;257
346;257
347;257
348;257
347;257
347;258
346;258
345;258
344;258
343;258
344;258
345;258
346;258
347;258
348;258
347;258
347;259
346;259
345;259
344;259
343;259
344;259
345;259
346;259
347;259
348;259
347;259
347;260
346;260
345;260
344;260
343;260
344;260
345;260
346;260
347;260
348;260
347;260
347;261
346;261
345;261
344;261
343;261
344;261
345;261
346;261
347;261
348;261
347;261
347;262
346;262
345;262
344;262
343;262
342;262
341;262
342;262
343;262
344;262
345;262
346;262
347;262
346;262
346;263
345;263
344;263
343;263
342;263
341;263
342;263
343;263
344;263
345;263
346;263
347;263
346;263
346;264
345;264
344;264
343;264
342;264
341;264
342;264
343;264
344;264
345;264
346;264
347;264
346;264
346;265
345;265
344;265
343;265
342;265
341;265
342;265
343;265
344;265
345;265
346;265
347;265
346;265
346;266
345;266
344;266
343;266
342;266
341;266
342;266
343;266
344;266
345;266
346;266
347;266
346;266
346;267
345;267
344;267
343;267
342;267
341;267
342;267
343;267
344;267
345;267
346;267
347;267
346;267
346;268
345;268
344;268
343;268
342;268
341;268
342;268
343;268
344;268
345;268
346;268
347;268
346;268
346;269
345;269
344;269
343;269
342;269
341;269
342;269
343;269
344;269
345;269
346;269
347;269
346;269
346;270
345;270
344;270
343;270
342;270
341;270
342;270
343;270
344;270
345;270
346;270
347;270
346;270
346;271
345;271
344;271
343;271
342;271
341;271
342;271
343;271
344;271
345;271
346;271
347;271
346;271
346;272
345;272
344;272
343;272
342;272
341;272
342;272
343;272
344;272
345;272
346;272
347;272
346;272
346;273
345;273
344;273
343;273
342;273
341;273
340;273
341;273
342;273
343;273
344;273
345;273
344;273
344;274
343;274
342;274
341;274
340;274
341;274
342;274
343;274
344;274
345;274
344;274
344;275
343;275
342;275
341;275
340;275
341;275
342;275
343;275
344;275
345;275
344;275
344;276
343;276
342;276
341;276
340;276
341;276
342;276
343;276
344;276
345;276
344;276
344;277
343;277
342;277
341;277
340;277
341;277
342;277
343;277
344;277
345;277
344;277
344;278
343;278
342;278
341;278
340;278
341;278
342;278
343;278
344;278
345;278
344;278
344;279
343;279
342;279
341;279
340;279
341;279
342;279
343;279
344;279
345;279
344;279
344;280
343;280
342;280
341;280
340;280
341;280
342;280
343;280
344;280
345;280
344;280
344;281
343;281
342;281
341;281
340;281
341;281
342;281
343;281
344;281
345;281
344;281
344;282
343;282
342;282
341;282
340;282
341;282
342;282
343;282
344;282
345;282
344;282
344;283
343;283
342;283
341;283
340;283
339;283
340;283
341;283
342;283
343;283
344;283
345;283
344;283
344;284
343;284
342;284
341;284
340;284
339;284
340;284
341;284
342;284
343;284
344;284
343;284
343;285
342;285
341;285
340;285
339;285
340;285
341;285
342;285
343;285
344;285
343;285
343;286
342;286
341;286
340;286
339;286
340;286
341;286
342;286
343;286
344;286
343;286
343;287
342;287
341;287
340;287
339;287
340;287
341;287
342;287
343;287
344;287
343;287
343;288
342;288
341;288
340;288
339;288
340;288
341;288
342;288
343;288
344;288
343;288
343;289
342;289
341;289
340;289
339;289
340;289
341;289
342;289
343;289
344;289
343;289
343;290
342;290
341;290
340;290
339;290
340;290
341;290
342;290
343;290
344;290
343;290
343;291
342;291
341;291
340;291
339;291
340;291
341;291
342;291
343;291
344;291
343;291
343;292
342;292
341;292
340;292
339;292
340;292
341;292
342;292
343;292
344;292
343;292
343;293
342;293
341;293
340;293
339;293
338;293
339;293
340;293
341;293
342;293
343;293
342;293
342;294
341;294
340;294
339;294
338;294
339;294
340;294
341;294
342;294
343;294
342;294
342;295
341;295
340;295
339;295
338;295
339;295
340;295
341;295
342;295
343;295
342;295
342;296
341;296
340;296
339;296
338;296
339;296
340;296
341;296
342;296
343;296
342;296
342;297
341;297
340;297
339;297
338;297
339;297
340;297
341;297
342;297
343;297
342;297
342;298
341;298
340;298
339;298
338;298
339;298
340;298
341;298
342;298
343;298
342;298
342;299
341;299
340;299
339;299
338;299
339;299
340;299
341;299
342;299
343;299
342;299
342;300
341;300
340;300
339;300
338;300
339;300
340;300
341;300
342;300
343;300
342;300
342;301
341;301
340;301
339;301
338;301
339;301
340;301
341;301
342;301
343;301
342;301
342;302
341;302
340;302
339;302
338;302
339;302
340;302
341;302
342;302
343;302
342;302
342;303
341;303
340;303
339;303
338;303
339;303
340;303
341;303
342;303
343;303
342;303
342;304
341;304
340;304
339;304
338;304
337;304
338;304
339;304
340;304
341;304
342;304
341;304
341;305
340;305
339;305
338;305
337;305
338;305
339;305
340;305
341;305
342;305
341;305
341;306
340;306
339;306
338;306
337;306
338;306
339;306
340;306
341;306
342;306
341;306
341;307
340;307
339;307
338;307
337;307
338;307
339;307
340;307
341;307
342;307
341;307
341;308
340;308
339;308
338;308
337;308
338;308
339;308
340;308
341;308
342;308
341;308
341;309
340;309
339;309
338;309
337;309
338;309
339;309
340;309
341;309
342;309
341;309
341;310
340;310
339;310
338;310
337;310
338;310
339;310
340;310
341;310
342;310
341;310
341;311
340;311
339;311
338;311
337;311
338;311
339;311
340;311
341;311
342;311
341;311
341;312
340;312
339;312
338;312
337;312
338;312
339;312
340;312
341;312
342;312
341;312
341;313
340;313
339;313
338;313
337;313
338;313
339;313
340;313
341;313
342;313
341;313
341;314
340;314
339;314
338;314
337;314
338;314
339;314
340;314
341;314
342;314
341;314
341;315
340;315
339;315
338;315
337;315
336;315
335;315
336;315
337;315
338;315
339;315
340;315
339;315
339;316
338;316
337;316
336;316
335;316
336;316
337;316
338;316
339;316
340;316
339;316
339;317
338;317
337;317
336;317
335;317
336;317
337;317
338;317
339;317
340;317
339;317
339;318
338;318
337;318
336;318
335;318
336;318
337;318
338;318
339;318
340;318
339;318
339;319
338;319
337;319
336;319
335;319
336;319
337;319
338;319
339;319
340;319
339;319
339;320
338;320
337;320
336;320
335;320
336;320
337;320
338;320
339;320
340;320
339;320
339;321
338;321
337;321
336;321
335;321
336;321
337;321
338;321
339;321
340;321
339;321
339;322
338;322
337;322
336;322
335;322
336;322
337;322
338;322
339;322
340;322
339;322
339;323
338;323
337;323
336;323
335;323
336;323
337;323
338;323
339;323
340;323
339;323
339;324
338;324
337;324
336;324
335;324
334;324
335;324
336;324
337;324
338;324
339;324
338;324
338;325
337;325
336;325
335;325
334;325
335;325
336;325
337;325
338;325
339;325
338;325
338;326
337;326
336;326
335;326
334;326
335;326
336;326
337;326
338;326
339;326
338;326
338;327
337;327
336;327
335;327
334;327
335;327
336;327
337;327
338;327
339;327
338;327
338;328
337;328
336;328
335;328
334;328
335;328
336;328
337;328
338;328
339;328
338;328
338;329
337;329
336;329
335;329
334;329
335;329
336;329
337;329
338;329
339;329
338;329
338;330
337;330
336;330
335;330
334;330
335;330
336;330
337;330
338;330
339;330
338;330
338;331
337;331
336;331
335;331
334;331
335;331
336;331
337;331
338;331
339;331
338;331
338;332
337;332
336;332
335;332
334;332
335;332
336;332
337;332
338;332
339;332
338;332
338;333
337;333
336;333
335;333
334;333
335;333
336;333
337;333
338;333
339;333
338;333
338;334
337;334
336;334
335;334
334;334
335;334
336;334
337;334
338;334
339;334
338;334
338;335
337;335
336;335
335;335
334;335
333;335
334;335
335;335
336;335
337;335
338;335
337;335
337;336
336;336
335;336
334;336
333;336
334;336
335;336
336;336
337;336
338;336
337;336
337;337
336;337
335;337
334;337
333;337
334;337
335;337
336;337
337;337
338;337
337;337
337;338
336;338
335;338
334;338
333;338
334;338
335;338
336;338
337;338
338;338
337;338
337;339
336;339
335;339
334;339
333;339
334;339
335;339
336;339
337;339
338;339
337;339
337;340
336;340
335;340
334;340
333;340
334;340
335;340
336;340
337;340
338;340
337;340
337;341
336;341
335;341
334;341
333;341
334;341
335;341
336;341
337;341
338;341
337;341
337;342
336;342
335;342
334;342
333;342
334;342
335;342
336;342
337;342
338;342
337;342
337;343
336;343
335;343
334;343
333;343
334;343
335;343
336;343
337;343
338;343
337;343
337;344
336;344
335;344
334;344
333;344
334;344
335;344
336;344
337;344
338;344
337;344
337;345
336;345
335;345
334;345
333;345
334;345
335;345
336;345
337;345
338;345
337;345
337;346
336;346
335;346
334;346
333;346
332;346
333;346
334;346
335;346
336;346
337;346
336;346
336;347
335;347
334;347
333;347
332;347
333;347
334;347
335;347
336;347
337;347
336;347
336;348
335;348
334;348
333;348
332;348
333;348
334;348
335;348
336;348
337;348
336;348
336;349
335;349
334;349
333;349
332;349
333;349
334;349
335;349
336;349
337;349
336;349
336;350
335;350
334;350
333;350
332;350
333;350
334;350
335;350
336;350
337;350
336;350
336;351
335;351
334;351
333;351
332;351
333;351
334;351
335;351
336;351
337;351
336;351
336;352
335;352
334;352
333;352
332;352
333;352
334;352
335;352
336;352
337;352
336;352
336;353
335;353
334;353
333;353
332;353
333;353
334;353
335;353
336;353
337;353
336;353
336;354
335;354
334;354
333;354
332;354
333;354
334;354
335;354
336;354
337;354
336;354
336;355
335;355
334;355
333;355
332;355
333;355
334;355
335;355
336;355
337;355
336;355
336;356
335;356
334;356
333;356
332;356
333;356
334;356
335;356
336;356
337;356
336;356
336;357
335;357
334;357
333;357
332;357
333;357
334;357
335;357
336;357
337;357
336;357
336;358
335;358
334;358
333;358
332;358
333;358
334;358
335;358
336;358
337;358
336;358
336;359
335;359
334;359
333;359
332;359
333;359
334;359
335;359
336;359
337;359
336;359
336;360
335;360
334;360
333;360
332;360
333;360
334;360
335;360
336;360
337;360
336;360
336;361
335;361
334;361
333;361
332;361
333;361
334;361
335;361
336;361
337;361
336;361
336;362
335;362
334;362
333;362
332;362
333;362
334;362
335;362
336;362
337;362
336;362
336;363
335;363
334;363
333;363
332;363
333;363
334;363
335;363
336;363
337;363
336;363
336;364
335;364
334;364
333;364
332;364
333;364
334;364
335;364
336;364
337;364
336;364
336;365
335;365
334;365
333;365
332;365
333;365
334;365
335;365
336;365
337;365
336;365
336;366
335;366
334;366
333;366
332;366
333;366
334;366
335;366
336;366
337;366
336;366
336;367
335;367
334;367
333;367
332;367
333;367
334;367
335;367
336;367
337;367
336;367
336;368
335;368
334;368
333;368
332;368
333;368
334;368
335;368
336;368
337;368
336;368
336;369
335;369
334;369
333;369
332;369
333;369
334;369
335;369
336;369
337;369
336;369
336;370
335;370
334;370
333;370
332;370
333;370
334;370
335;370
336;370
337;370
336;370
336;371
335;371
334;371
333;371
332;371
333;371
334;371
335;371
336;371
337;371
336;371
336;372
335;372
334;372
333;372
332;372
333;372
334;372
335;372
336;372
337;372
336;372
336;373
335;373
334;373
333;373
332;373
333;373
334;373
335;373
336;373
337;373
336;373
336;374
335;374
334;374
333;374
332;374
333;374
334;374
335;374
336;374
337;374
336;374
336;375
335;375
334;375
333;375
332;375
333;375
334;375
335;375
336;375
337;375
336;375
336;376
335;376
334;376
333;376
332;376
333;376
334;376
335;376
336;376
337;376
336;376
336;377
335;377
334;377
333;377
332;377
333;377
334;377
335;377
336;377
337;377
336;377
336;378
335;378
334;378
333;378
332;378
333;378
334;378
335;378
336;378
337;378
336;378
336;379
335;379
334;379
333;379
332;379
333;379
334;379
335;379
336;379
337;379
336;379
336;380
335;380
334;380
333;380
332;380
333;380
334;380
335;380
336;380
337;380
336;380
336;381
335;381
334;381
333;381
332;381
333;381
334;381
335;381
336;381
337;381
336;381
336;382
335;382
334;382
333;382
332;382
333;382
334;382
335;382
336;382
337;382
336;382
336;383
335;383
334;383
333;383
334;383
335;383
336;383
337;383
338;383
337;383
337;384
336;384
335;384
334;384
333;384
334;384
335;384
336;384
337;384
338;384
337;384
337;385
336;385
335;385
334;385
333;385
334;385
335;385
336;385
337;385
338;385
337;385
337;386
336;386
335;386
334;386
333;386
334;386
335;386
336;386
337;386
338;386
337;386
337;387
336;387
335;387
334;387
333;387
334;387
335;387
336;387
337;387
338;387
337;387
337;388
336;388
335;388
334;388
333;388
334;388
335;388
336;388
337;388
338;388
337;388
337;389
336;389
335;389
334;389
333;389
334;389
335;389
336;389
337;389
338;389
337;389
337;390
336;390
335;390
334;390
333;390
334;390
335;390
336;390
337;390
338;390
337;390
337;391
336;391
335;391
334;391
333;391
334;391
335;391
336;391
337;391
338;391
337;391
337;392
336;392
335;392
334;392
333;392
334;392
335;392
336;392
337;392
338;392
337;392
337;393
336;393
335;393
334;393
333;393
334;393
335;393
336;393
337;393
338;393
337;393
337;394
336;394
335;394
334;394
333;394
334;394
335;394
336;394
337;394
338;394
337;394
337;395
336;395
335;395
334;395
333;395
334;395
335;395
336;395
337;395
338;395
337;395
337;396
336;396
335;396
334;396
333;396
334;396
335;396
336;396
337;396
338;396
337;396
337;397
336;397
335;397
334;397
333;397
334;397
335;397
336;397
337;397
338;397
337;397
337;398
336;398
335;398
334;398
333;398
334;398
335;398
336;398
337;398
338;398
337;398
337;399
336;399
335;399
334;399
333;399
334;399
335;399
336;399
337;399
338;399
337;399
337;400
336;400
335;400
334;400
333;400
334;400
335;400
336;400
337;400
338;400
337;400
337;401
336;401
335;401
334;401
333;401
334;401
335;401
336;401
337;401
338;401
337;401
337;402
336;402
335;402
334;402
335;402
336;402
337;402
336;402
336;403
335;403
334;403
335;403
336;403
337;403
336;403
336;404
335;404
336;404
2213
415;37
414;37
414;38
413;38
414;38
415;38
416;38
415;38
415;39
414;39
413;39
412;39
413;39
414;39
415;39
416;39
417;39
416;39
416;40
415;40
414;40
413;40
412;40
413;40
414;40
415;40
416;40
417;40
418;40
419;40
420;40
419;40
419;41
418;41
417;41
416;41
415;41
414;41
413;41
414;41
415;41
416;41
417;41
418;41
419;41
420;41
421;41
420;41
420;42
419;42
418;42
417;42
416;42
415;42
414;42
413;42
414;42
415;42
416;42
417;42
418;42
419;42
420;42
421;42
420;42
420;43
419;43
418;43
417;43
416;43
415;43
416;43
417;43
418;43
419;43
420;43
421;43
422;43
421;43
421;44
420;44
419;44
418;44
417;44
418;44
419;44
420;44
421;44
422;44
421;44
421;45
420;45
419;45
418;45
417;45
418;45
419;45
420;45
421;45
422;45
421;45
421;46
420;46
419;46
418;46
419;46
420;46
421;46
422;46
423;46
422;46
422;47
421;47
420;47
419;47
418;47
419;47
420;47
421;47
422;47
423;47
422;47
422;48
421;48
420;48
419;48
418;48
419;48
420;48
421;48
422;48
423;48
424;48
425;48
424;48
424;49
423;49
422;49
421;49
420;49
421;49
422;49
423;49
424;49
425;49
424;49
424;50
423;50
422;50
421;50
422;50
423;50
424;50
425;50
426;50
425;50
425;51
424;51
423;51
422;51
421;51
422;51
423;51
424;51
425;51
426;51
425;51
425;52
424;52
423;52
422;52
423;52
424;52
425;52
426;52
427;52
426;52
426;53
425;53
424;53
423;53
422;53
423;53
424;53
425;53
426;53
427;53
426;53
426;54
425;54
424;54
423;54
422;54
423;54
424;54
425;54
426;54
427;54
426;54
426;55
425;55
424;55
423;55
424;55
425;55
426;55
427;55
428;55
427;55
427;56
426;56
425;56
424;56
423;56
424;56
425;56
426;56
427;56
428;56
429;56
428;56
428;57
427;57
426;57
425;57
424;57
425;57
426;57
427;57
428;57
429;57
428;57
428;58
427;58
426;58
425;58
424;58
425;58
426;58
427;58
428;58
429;58
428;58
428;59
427;59
426;59
427;59
428;59
429;59
430;59
431;59
430;59
430;60
429;60
428;60
427;60
426;60
427;60
428;60
429;60
430;60
431;60
430;60
430;61
429;61
428;61
427;61
428;61
429;61
430;61
431;61
432;61
431;61
431;62
430;62
429;62
428;62
427;62
428;62
429;62
430;62
431;62
432;62
431;62
431;63
430;63
429;63
428;63
429;63
430;63
431;63
432;63
433;63
432;63
432;64
431;64
430;64
429;64
428;64
429;64
430;64
431;64
432;64
433;64
432;64
432;65
431;65
430;65
429;65
428;65
429;65
430;65
431;65
432;65
433;65
434;65
433;65
433;66
432;66
431;66
430;66
429;66
430;66
431;66
432;66
433;66
434;66
433;66
433;67
432;67
431;67
430;67
431;67
432;67
433;67
434;67
435;67
436;67
435;67
435;68
434;68
433;68
432;68
431;68
430;68
431;68
432;68
433;68
434;68
435;68
436;68
435;68
435;69
434;69
433;69
432;69
431;69
430;69
431;69
432;69
433;69
434;69
435;69
436;69
435;69
435;70
434;70
433;70
432;70
433;70
434;70
435;70
436;70
437;70
436;70
436;71
435;71
434;71
433;71
432;71
433;71
434;71
435;71
436;71
437;71
436;71
436;72
435;72
434;72
433;72
432;72
433;72
434;72
435;72
436;72
437;72
436;72
436;73
435;73
434;73
433;73
434;73
435;73
436;73
437;73
438;73
437;73
437;74
436;74
435;74
434;74
435;74
436;74
437;74
438;74
439;74
438;74
438;75
437;75
436;75
435;75
434;75
435;75
436;75
437;75
438;75
439;75
438;75
438;76
437;76
436;76
435;76
434;76
435;76
436;76
437;76
438;76
439;76
438;76
438;77
437;77
436;77
435;77
436;77
437;77
438;77
439;77
440;77
439;77
439;78
438;78
437;78
436;78
435;78
436;78
437;78
438;78
439;78
440;78
439;78
439;79
438;79
437;79
438;79
439;79
440;79
441;79
442;79
441;79
441;80
440;80
439;80
438;80
437;80
438;80
439;80
440;80
441;80
442;80
441;80
441;81
440;81
439;81
438;81
437;81
438;81
439;81
440;81
441;81
442;81
441;81
441;82
440;82
439;82
438;82
439;82
440;82
441;82
442;82
443;82
442;82
442;83
441;83
440;83
439;83
440;83
441;83
442;83
443;83
444;83
443;83
443;84
442;84
441;84
440;84
439;84
440;84
441;84
442;84
443;84
444;84
443;84
443;85
442;85
441;85
440;85
441;85
442;85
443;85
444;85
445;85
444;85
444;86
443;86
442;86
441;86
440;86
441;86
442;86
443;86
444;86
445;86
444;86
444;87
443;87
442;87
441;87
440;87
441;87
442;87
443;87
444;87
445;87
444;87
444;88
443;88
442;88
441;88
442;88
443;88
444;88
445;88
446;88
447;88
446;88
446;89
445;89
444;89
443;89
442;89
441;89
442;89
443;89
444;89
445;89
446;89
447;89
446;89
446;90
445;90
444;90
443;90
444;90
445;90
446;90
447;90
448;90
447;90
447;91
446;91
445;91
444;91
445;91
446;91
447;91
448;91
449;91
448;91
448;92
447;92
446;92
445;92
444;92
445;92
446;92
447;92
448;92
449;92
448;92
448;93
447;93
446;93
445;93
444;93
445;93
446;93
447;93
448;93
449;93
448;93
448;94
447;94
446;94
445;94
446;94
447;94
448;94
449;94
450;94
449;94
449;95
448;95
447;95
446;95
445;95
446;95
447;95
448;95
449;95
450;95
449;95
449;96
448;96
447;96
446;96
447;96
448;96
449;96
450;96
451;96
450;96
450;97
449;97
448;97
447;97
446;97
447;97
448;97
449;97
450;97
451;97
450;97
450;98
449;98
448;98
447;98
446;98
447;98
448;98
449;98
450;98
451;98
450;98
450;99
449;99
448;99
447;99
446;99
447;99
448;99
449;99
450;99
451;99
452;99
453;99
452;99
452;100
451;100
450;100
449;100
448;100
449;100
450;100
451;100
452;100
453;100
452;100
452;101
451;101
450;101
449;101
450;101
451;101
452;101
453;101
454;101
453;101
453;102
452;102
451;102
450;102
449;102
450;102
451;102
452;102
453;102
454;102
453;102
453;103
452;103
451;103
450;103
449;103
450;103
451;103
452;103
453;103
454;103
453;103
453;104
452;104
451;104
450;104
451;104
452;104
453;104
454;104
455;104
454;104
454;105
453;105
452;105
451;105
450;105
451;105
452;105
453;105
454;105
455;105
454;105
454;106
453;106
452;106
451;106
452;106
453;106
454;106
455;106
456;106
455;106
455;107
454;107
453;107
452;107
451;107
452;107
453;107
454;107
455;107
456;107
457;107
458;107
457;107
457;108
456;108
455;108
454;108
453;108
452;108
451;108
452;108
453;108
454;108
455;108
456;108
457;108
458;108
457;108
457;109
456;109
455;109
454;109
453;109
452;109
453;109
454;109
455;109
456;109
457;109
458;109
457;109
457;110
456;110
455;110
454;110
455;110
456;110
457;110
458;110
459;110
458;110
458;111
457;111
456;111
455;111
454;111
455;111
456;111
457;111
458;111
459;111
458;111
458;112
457;112
456;112
455;112
456;112
457;112
458;112
459;112
460;112
459;112
459;113
458;113
457;113
456;113
455;113
456;113
457;113
458;113
459;113
460;113
459;113
459;114
458;114
457;114
456;114
455;114
456;114
457;114
458;114
459;114
460;114
459;114
459;115
458;115
457;115
456;115
457;115
458;115
459;115
460;115
461;115
460;115
460;116
459;116
458;116
457;116
456;116
457;116
458;116
459;116
460;116
461;116
462;116
461;116
461;117
460;117
459;117
458;117
457;117
458;117
459;117
460;117
461;117
462;117
461;117
461;118
460;118
459;118
460;118
461;118
462;118
463;118
464;118
463;118
463;119
462;119
461;119
460;119
459;119
460;119
461;119
462;119
463;119
464;119
463;119
463;120
462;120
461;120
460;120
459;120
460;120
461;120
462;120
463;120
464;120
463;120
463;121
462;121
461;121
460;121
461;121
462;121
463;121
464;121
465;121
464;121
464;122
463;122
462;122
461;122
460;122
461;122
462;122
463;122
464;122
465;122
464;122
464;123
463;123
462;123
461;123
462;123
463;123
464;123
465;123
466;123
465;123
465;124
464;124
463;124
462;124
461;124
462;124
463;124
464;124
465;124
466;124
467;124
466;124
466;125
465;125
464;125
463;125
462;125
461;125
462;125
463;125
464;125
465;125
466;125
467;125
466;125
466;126
465;126
464;126
463;126
462;126
463;126
464;126
465;126
466;126
467;126
466;126
466;127
465;127
464;127
463;127
462;127
463;127
464;127
465;127
466;127
467;127
466;127
466;128
465;128
464;128
463;128
464;128
465;128
466;128
467;128
468;128
469;128
468;128
468;129
467;129
466;129
465;129
464;129
463;129
464;129
465;129
466;129
467;129
468;129
469;129
468;129
468;130
467;130
466;130
465;130
466;130
467;130
468;130
469;130
470;130
469;130
469;131
468;131
467;131
466;131
465;131
466;131
467;131
468;131
469;131
470;131
469;131
469;132
468;132
467;132
466;132
465;132
466;132
467;132
468;132
469;132
470;132
469;132
469;133
468;133
467;133
466;133
467;133
468;133
469;133
470;133
471;133
470;133
470;134
469;134
468;134
467;134
468;134
469;134
470;134
471;134
472;134
471;134
471;135
470;135
469;135
468;135
467;135
468;135
469;135
470;135
471;135
472;135
471;135
471;136
470;136
469;136
468;136
467;136
468;136
469;136
470;136
471;136
472;136
471;136
471;137
470;137
469;137
468;137
469;137
470;137
471;137
472;137
473;137
472;137
472;138
471;138
470;138
469;138
468;138
469;138
470;138
471;138
472;138
473;138
472;138
472;139
471;139
470;139
471;139
472;139
473;139
474;139
475;139
474;139
474;140
473;140
472;140
471;140
470;140
471;140
472;140
473;140
474;140
475;140
474;140
474;141
473;141
472;141
471;141
472;141
473;141
474;141
475;141
476;141
475;141
475;142
474;142
473;142
472;142
471;142
472;142
473;142
474;142
475;142
476;142
475;142
475;143
474;143
473;143
472;143
473;143
474;143
475;143
476;143
477;143
476;143
476;144
475;144
474;144
473;144
472;144
473;144
474;144
475;144
476;144
477;144
476;144
476;145
475;145
474;145
473;145
474;145
475;145
476;145
477;145
478;145
477;145
477;146
476;146
475;146
474;146
473;146
474;146
475;146
476;146
477;146
478;146
477;146
477;147
476;147
475;147
474;147
473;147
474;147
475;147
476;147
477;147
478;147
477;147
477;148
476;148
475;148
474;148
475;148
476;148
477;148
478;148
479;148
478;148
478;149
477;149
476;149
475;149
474;149
475;149
476;149
477;149
478;149
479;149
478;149
478;150
477;150
476;150
477;150
478;150
479;150
480;150
481;150
480;150
480;151
479;151
478;151
477;151
478;151
479;151
480;151
481;151
482;151
481;151
481;152
480;152
479;152
478;152
477;152
478;152
479;152
480;152
481;152
482;152
481;152
481;153
480;153
479;153
478;153
477;153
478;153
479;153
480;153
481;153
482;153
481;153
481;154
480;154
479;154
478;154
477;154
478;154
479;154
480;154
481;154
482;154
481;154
481;155
480;155
479;155
478;155
479;155
480;155
481;155
482;155
483;155
482;155
482;156
481;156
480;156
479;156
478;156
479;156
480;156
481;156
482;156
483;156
482;156
482;157
481;157
480;157
479;157
480;157
481;157
482;157
483;157
484;157
483;157
483;158
482;158
481;158
480;158
479;158
480;158
481;158
482;158
483;158
484;158
483;158
483;159
482;159
481;159
480;159
479;159
480;159
481;159
482;159
483;159
484;159
485;159
486;159
485;159
485;160
484;160
483;160
482;160
481;160
480;160
481;160
482;160
483;160
484;160
485;160
486;160
485;160
485;161
484;161
483;161
482;161
483;161
484;161
485;161
486;161
487;161
486;161
486;162
485;162
484;162
483;162
482;162
483;162
484;162
485;162
486;162
487;162
486;162
486;163
485;163
484;163
483;163
484;163
485;163
486;163
487;163
488;163
487;163
487;164
486;164
485;164
484;164
483;164
484;164
485;164
486;164
487;164
488;164
487;164
487;165
486;165
485;165
484;165
483;165
484;165
485;165
486;165
487;165
488;165
487;165
487;166
486;166
485;166
484;166
485;166
486;166
487;166
488;166
489;166
488;166
488;167
487;167
486;167
485;167
484;167
485;167
486;167
487;167
488;167
489;167
490;167
489;167
489;168
488;168
487;168
486;168
485;168
486;168
487;168
488;168
489;168
490;168
489;168
489;169
488;169
487;169
486;169
485;169
486;169
487;169
488;169
489;169
490;169
489;169
489;170
488;170
487;170
488;170
489;170
490;170
491;170
492;170
491;170
491;171
490;171
489;171
488;171
487;171
488;171
489;171
490;171
491;171
492;171
491;171
491;172
490;172
489;172
488;172
489;172
490;172
491;172
492;172
493;172
492;172
492;173
491;173
490;173
489;173
488;173
489;173
490;173
491;173
492;173
493;173
492;173
492;174
491;174
490;174
489;174
490;174
491;174
492;174
493;174
494;174
493;174
493;175
492;175
491;175
490;175
489;175
490;175
491;175
492;175
493;175
494;175
493;175
493;176
492;176
491;176
490;176
489;176
490;176
491;176
492;176
493;176
494;176
495;176
494;176
494;177
493;177
492;177
491;177
490;177
491;177
492;177
493;177
494;177
495;177
494;177
494;178
493;178
492;178
491;178
492;178
493;178
494;178
495;178
496;178
497;178
496;178
496;179
495;179
494;179
493;179
492;179
491;179
492;179
493;179
494;179
495;179
496;179
497;179
496;179
496;180
495;180
494;180
493;180
494;180
495;180
496;180
497;180
498;180
497;180
497;181
496;181
495;181
494;181
493;181
494;181
495;181
496;181
497;181
498;181
497;181
497;182
496;182
495;182
494;182
493;182
494;182
495;182
496;182
497;182
498;182
497;182
497;183
496;183
495;183
494;183
493;183
494;183
495;183
496;183
497;183
498;183
497;183
497;184
496;184
495;184
494;184
493;184
494;184
495;184
496;184
497;184
498;184
497;184
497;185
496;185
495;185
494;185
495;185
496;185
497;185
498;185
499;185
498;185
498;186
497;186
496;186
495;186
494;186
495;186
496;186
497;186
498;186
499;186
498;186
498;187
497;187
496;187
495;187
494;187
495;187
496;187
497;187
498;187
499;187
498;187
498;188
497;188
496;188
495;188
494;188
495;188
496;188
497;188
498;188
499;188
498;188
498;189
497;189
496;189
495;189
496;189
497;189
498;189
499;189
500;189
499;189
499;190
498;190
497;190
496;190
495;190
496;190
497;190
498;190
499;190
500;190
499;190
499;191
498;191
497;191
496;191
497;191
498;191
499;191
500;191
501;191
500;191
500;192
499;192
498;192
497;192
496;192
497;192
498;192
499;192
500;192
501;192
500;192
500;193
499;193
498;193
497;193
496;193
497;193
498;193
499;193
500;193
501;193
500;193
500;194
499;194
498;194
497;194
496;194
497;194
498;194
499;194
500;194
501;194
500;194
500;195
499;195
498;195
499;195
500;195
501;195
502;195
503;195
502;195
502;196
501;196
500;196
499;196
498;196
499;196
500;196
501;196
502;196
503;196
502;196
502;197
501;197
500;197
499;197
498;197
499;197
500;197
501;197
502;197
503;197
502;197
502;198
501;198
500;198
499;198
498;198
499;198
500;198
501;198
502;198
503;198
502;198
502;199
501;199
500;199
499;199
500;199
501;199
502;199
503;199
504;199
503;199
503;200
502;200
501;200
500;200
499;200
500;200
501;200
502;200
503;200
504;200
503;200
503;201
502;201
501;201
500;201
499;201
500;201
501;201
502;201
503;201
504;201
503;201
503;202
502;202
501;202
500;202
501;202
502;202
503;202
504;202
505;202
504;202
504;203
503;203
502;203
501;203
500;203
501;203
502;203
503;203
504;203
505;203
504;203
504;204
503;204
502;204
501;204
500;204
501;204
502;204
503;204
504;204
505;204
504;204
504;205
503;205
502;205
501;205
500;205
501;205
502;205
503;205
504;205
505;205
504;205
504;206
503;206
502;206
501;206
502;206
503;206
504;206
505;206
506;206
505;206
505;207
504;207
503;207
502;207
501;207
502;207
503;207
504;207
505;207
506;207
505;207
505;208
504;208
503;208
502;208
501;208
502;208
503;208
504;208
505;208
506;208
505;208
505;209
504;209
503;209
502;209
501;209
502;209
503;209
504;209
505;209
506;209
505;209
505;210
504;210
503;210
502;210
503;210
504;210
505;210
506;210
507;210
508;210
507;210
507;211
506;211
505;211
504;211
503;211
502;211
503;211
504;211
505;211
506;211
507;211
508;211
507;211
507;212
506;212
505;212
504;212
505;212
506;212
507;212
508;212
509;212
508;212
508;213
507;213
506;213
505;213
504;213
505;213
506;213
507;213
508;213
509;213
508;213
508;214
507;214
506;214
505;214
504;214
505;214
506;214
507;214
508;214
509;214
508;214
508;215
507;215
506;215
505;215
504;215
505;215
506;215
507;215
508;215
509;215
508;215
508;216
507;216
506;216
505;216
506;216
507;216
508;216
509;216
510;216
509;216
509;217
508;217
507;217
506;217
505;217
506;217
507;217
508;217
509;217
510;217
509;217
509;218
508;218
507;218
506;218
505;218
506;218
507;218
508;218
509;218
510;218
509;218
509;219
508;219
507;219
506;219
505;219
506;219
507;219
508;219
509;219
510;219
509;219
509;220
508;220
507;220
506;220
507;220
508;220
509;220
510;220
511;220
510;220
510;221
509;221
508;221
507;221
506;221
507;221
508;221
509;221
510;221
511;221
510;221
510;222
509;222
508;222
507;222
506;222
507;222
508;222
509;222
510;222
511;222
510;222
510;223
509;223
508;223
507;223
508;223
509;223
510;223
511;223
512;223
511;223
511;224
510;224
509;224
508;224
507;224
508;224
509;224
510;224
511;224
512;224
511;224
511;225
510;225
509;225
508;225
507;225
508;225
509;225
510;225
511;225
512;225
511;225
511;226
510;226
509;226
510;226
511;226
512;226
513;226
514;226
513;226
513;227
512;227
511;227
510;227
509;227
510;227
511;227
512;227
513;227
514;227
513;227
513;228
512;228
511;228
510;228
511;228
512;228
513;228
514;228
515;228
514;228
514;229
513;229
512;229
511;229
510;229
511;229
512;229
513;229
514;229
515;229
514;229
514;230
513;230
512;230
511;230
512;230
513;230
514;230
515;230
516;230
515;230
515;231
514;231
513;231
512;231
511;231
512;231
513;231
514;231
515;231
516;231
515;231
515;232
514;232
513;232
512;232
511;232
512;232
513;232
514;232
515;232
516;232
517;232
516;232
516;233
515;233
514;233
513;233
512;233
513;233
514;233
515;233
516;233
517;233
516;233
516;234
515;234
514;234
513;234
512;234
513;234
514;234
515;234
516;234
517;234
516;234
516;235
515;235
514;235
513;235
512;235
513;235
514;235
515;235
516;235
517;235
516;235
516;236
515;236
514;236
513;236
512;236
513;236
514;236
515;236
516;236
517;236
516;236
516;237
515;237
514;237
513;237
512;237
513;237
514;237
515;237
516;237
517;237
516;237
516;238
515;238
514;238
513;238
514;238
515;238
516;238
517;238
518;238
519;238
518;238
518;239
517;239
516;239
515;239
514;239
513;239
514;239
515;239
516;239
517;239
518;239
519;239
518;239
518;240
517;240
516;240
515;240
516;240
517;240
516;240
516;241
516;242
1117
354;43
353;43
353;44
352;44
351;44
352;44
353;44
354;44
355;44
354;44
354;45
353;45
352;45
351;45
350;45
349;45
350;45
351;45
352;45
353;45
354;45
355;45
356;45
355;45
355;46
354;46
353;46
352;46
351;46
350;46
349;46
348;46
347;46
346;46
345;46
344;46
345;46
346;46
347;46
348;46
349;46
350;46
351;46
352;46
353;46
354;46
355;46
354;46
354;47
353;47
352;47
351;47
350;47
349;47
348;47
347;47
346;47
345;47
344;47
345;47
346;47
347;47
348;47
349;47
350;47
351;47
352;47
353;47
354;47
355;47
354;47
354;48
353;48
352;48
351;48
350;48
349;48
348;48
347;48
346;48
345;48
344;48
343;48
342;48
341;48
340;48
339;48
340;48
341;48
342;48
343;48
344;48
345;48
346;48
347;48
348;48
349;48
350;48
351;48
352;48
353;48
354;48
353;48
353;49
352;49
351;49
350;49
349;49
348;49
347;49
346;49
345;49
344;49
343;49
342;49
341;49
340;49
339;49
338;49
337;49
336;49
335;49
334;49
333;49
332;49
331;49
330;49
329;49
328;49
327;49
326;49
325;49
324;49
323;49
322;49
321;49
320;49
319;49
318;49
317;49
318;49
319;49
320;49
321;49
322;49
323;49
324;49
325;49
326;49
327;49
328;49
329;49
330;49
331;49
332;49
333;49
334;49
335;49
336;49
337;49
338;49
339;49
340;49
341;49
342;49
343;49
344;49
345;49
346;49
347;49
348;49
349;49
350;49
351;49
352;49
353;49
352;49
352;50
351;50
350;50
349;50
348;50
347;50
346;50
345;50
344;50
343;50
342;50
341;50
340;50
339;50
338;50
337;50
336;50
335;50
334;50
333;50
332;50
331;50
330;50
329;50
328;50
327;50
326;50
325;50
324;50
323;50
322;50
321;50
320;50
319;50
318;50
317;50
316;50
315;50
314;50
313;50
312;50
313;50
314;50
315;50
316;50
317;50
318;50
319;50
320;50
321;50
322;50
323;50
324;50
325;50
326;50
327;50
328;50
329;50
330;50
331;50
332;50
333;50
334;50
335;50
336;50
337;50
338;50
339;50
340;50
341;50
342;50
343;50
344;50
345;50
346;50
347;50
348;50
349;50
350;50
349;50
349;51
348;51
347;51
346;51
345;51
344;51
343;51
342;51
341;51
340;51
339;51
338;51
337;51
336;51
335;51
334;51
333;51
332;51
331;51
330;51
329;51
328;51
327;51
326;51
325;51
324;51
323;51
322;51
321;51
320;51
319;51
318;51
317;51
316;51
315;51
314;51
313;51
312;51
311;51
310;51
309;51
308;51
307;51
308;51
309;51
310;51
311;51
312;51
313;51
314;51
315;51
316;51
317;51
318;51
319;51
320;51
321;51
322;51
323;51
324;51
325;51
326;51
327;51
328;51
329;51
330;51
331;51
332;51
333;51
334;51
335;51
336;51
337;51
338;51
339;51
340;51
341;51
342;51
343;51
344;51
345;51
346;51
347;51
348;51
347;51
347;52
346;52
345;52
344;52
343;52
342;52
341;52
340;52
339;52
338;52
337;52
336;52
335;52
334;52
333;52
332;52
331;52
330;52
329;52
328;52
327;52
326;52
325;52
324;52
323;52
322;52
321;52
320;52
319;52
318;52
317;52
316;52
315;52
314;52
313;52
312;52
311;52
310;52
309;52
308;52
307;52
306;52
305;52
304;52
303;52
302;52
303;52
304;52
305;52
306;52
307;52
308;52
309;52
310;52
311;52
312;52
313;52
314;52
315;52
316;52
317;52
318;52
319;52
320;52
321;52
322;52
323;52
324;52
325;52
326;52
327;52
328;52
329;52
330;52
331;52
332;52
333;52
334;52
335;52
336;52
337;52
338;52
339;52
340;52
341;52
342;52
343;52
342;52
342;53
341;53
340;53
339;53
338;53
337;53
336;53
335;53
334;53
333;53
332;53
331;53
330;53
329;53
328;53
327;53
326;53
325;53
324;53
323;53
322;53
321;53
320;53
319;53
318;53
317;53
316;53
315;53
314;53
313;53
312;53
311;53
310;53
309;53
308;53
307;53
306;53
305;53
304;53
303;53
302;53
303;53
304;53
305;53
306;53
307;53
308;53
309;53
310;53
311;53
312;53
313;53
314;53
315;53
316;53
317;53
318;53
319;53
320;53
321;53
322;53
323;53
324;53
325;53
326;53
327;53
328;53
329;53
330;53
331;53
332;53
333;53
334;53
335;53
336;53
337;53
338;53
339;53
340;53
341;53
342;53
343;53
342;53
342;54
341;54
340;54
339;54
338;54
337;54
336;54
335;54
334;54
333;54
332;54
331;54
330;54
329;54
328;54
327;54
326;54
325;54
324;54
323;54
322;54
321;54
320;54
319;54
318;54
317;54
316;54
315;54
314;54
313;54
312;54
311;54
310;54
309;54
308;54
307;54
306;54
305;54
304;54
303;54
302;54
301;54
300;54
299;54
300;54
301;54
302;54
303;54
304;54
305;54
306;54
307;54
308;54
309;54
310;54
311;54
312;54
313;54
314;54
315;54
316;54
317;54
318;54
319;54
320;54
321;54
322;54
323;54
324;54
325;54
326;54
327;54
328;54
329;54
330;54
331;54
332;54
333;54
334;54
335;54
336;54
337;54
338;54
337;54
337;55
336;55
335;55
334;55
333;55
332;55
331;55
330;55
329;55
328;55
327;55
326;55
325;55
324;55
323;55
322;55
321;55
320;55
319;55
318;55
317;55
316;55
315;55
314;55
313;55
312;55
311;55
310;55
309;55
308;55
307;55
306;55
305;55
304;55
303;55
302;55
301;55
300;55
299;55
298;55
297;55
296;55
295;55
294;55
295;55
296;55
297;55
298;55
299;55
300;55
301;55
302;55
303;55
304;55
305;55
306;55
307;55
308;55
309;55
310;55
311;55
312;55
313;55
314;55
315;55
316;55
317;55
318;55
319;55
320;55
321;55
322;55
323;55
324;55
325;55
326;55
327;55
328;55
329;55
330;55
331;55
332;55
333;55
332;55
332;56
331;56
330;56
329;56
328;56
327;56
326;56
325;56
324;56
323;56
322;56
321;56
320;56
319;56
318;56
317;56
316;56
315;56
314;56
313;56
312;56
311;56
310;56
309;56
308;56
307;56
306;56
305;56
304;56
303;56
302;56
301;56
300;56
299;56
298;56
297;56
296;56
295;56
294;56
293;56
292;56
291;56
290;56
289;56
290;56
291;56
292;56
293;56
294;56
295;56
296;56
297;56
298;56
299;56
300;56
301;56
302;56
303;56
304;56
305;56
306;56
307;56
308;56
309;56
310;56
311;56
310;56
310;57
309;57
308;57
307;57
306;57
305;57
304;57
303;57
302;57
301;57
300;57
299;57
298;57
297;57
296;57
295;57
294;57
293;57
292;57
291;57
290;57
289;57
288;57
287;57
286;57
285;57
284;57
285;57
286;57
287;57
288;57
289;57
290;57
291;57
292;57
293;57
294;57
295;57
296;57
297;57
298;57
299;57
300;57
301;57
302;57
303;57
304;57
305;57
306;57
305;57
305;58
304;58
303;58
302;58
301;58
300;58
299;58
298;58
297;58
296;58
295;58
294;58
293;58
292;58
291;58
290;58
289;58
288;58
287;58
286;58
285;58
284;58
285;58
286;58
287;58
288;58
289;58
290;58
291;58
292;58
293;58
294;58
295;58
296;58
297;58
298;58
299;58
300;58
301;58
302;58
303;58
304;58
305;58
306;58
305;58
305;59
304;59
303;59
302;59
301;59
300;59
299;59
298;59
297;59
296;59
295;59
294;59
293;59
292;59
291;59
290;59
289;59
288;59
287;59
286;59
285;59
284;59
283;59
282;59
281;59
280;59
281;59
282;59
283;59
284;59
285;59
286;59
287;59
288;59
289;59
290;59
291;59
292;59
293;59
294;59
295;59
296;59
297;59
298;59
299;59
300;59
301;59
300;59
300;60
299;60
298;60
297;60
296;60
295;60
294;60
293;60
292;60
291;60
290;60
289;60
288;60
287;60
286;60
285;60
284;60
283;60
282;60
281;60
280;60
279;60
278;60
277;60
278;60
279;60
280;60
281;60
282;60
283;60
284;60
285;60
286;60
287;60
288;60
289;60
290;60
291;60
292;60
293;60
294;60
295;60
296;60
297;60
298;60
297;60
297;61
296;61
295;61
294;61
293;61
292;61
291;61
290;61
289;61
288;61
287;61
286;61
285;61
284;61
283;61
282;61
281;61
280;61
279;61
278;61
277;61
276;61
275;61
274;61
273;61
274;61
275;61
276;61
277;61
278;61
279;61
280;61
281;61
282;61
283;61
284;61
285;61
286;61
287;61
288;61
289;61
290;61
291;61
292;61
293;61
292;61
292;62
291;62
290;62
289;62
288;62
287;62
286;62
285;62
284;62
283;62
282;62
281;62
280;62
279;62
278;62
277;62
276;62
275;62
274;62
273;62
272;62
273;62
274;62
275;62
276;62
277;62
278;62
279;62
280;62
281;62
282;62
283;62
284;62
285;62
286;62
287;62
288;62
287;62
287;63
286;63
285;63
284;63
283;63
282;63
281;63
280;63
279;63
278;63
277;63
276;63
275;63
274;63
273;63
272;63
271;63
272;63
273;63
274;63
275;63
276;63
277;63
278;63
279;63
280;63
281;63
282;63
283;63
282;63
282;64
281;64
280;64
279;64
278;64
277;64
276;64
275;64
274;64
273;64
272;64
271;64
272;64
273;64
274;64
275;64
276;64
277;64
278;64
279;64
280;64
281;64
282;64
283;64
282;64
282;65
281;65
280;65
279;65
278;65
277;65
276;65
275;65
274;65
273;65
272;65
271;65
270;65
271;65
272;65
273;65
274;65
275;65
276;65
277;65
278;65
279;65
278;65
278;66
277;66
276;66
275;66
274;66
273;66
272;66
271;66
272;66
273;66
274;66
275;66
276;66
275;66
275;67
274;67
273;67
272;67
2021
151;71
150;71
150;72
151;72
152;72
153;72
152;72
152;73
151;73
150;73
149;73
150;73
151;73
152;73
153;73
154;73
153;73
153;74
152;74
151;74
150;74
149;74
148;74
149;74
150;74
151;74
152;74
153;74
152;74
152;75
151;75
150;75
149;75
148;75
149;75
150;75
151;75
152;75
153;75
152;75
152;76
151;76
150;76
149;76
148;76
149;76
150;76
151;76
152;76
153;76
152;76
152;77
151;77
150;77
149;77
148;77
147;77
146;77
147;77
148;77
149;77
150;77
151;77
150;77
150;78
149;78
148;78
147;78
146;78
145;78
146;78
147;78
148;78
149;78
150;78
149;78
149;79
148;79
147;79
146;79
145;79
146;79
147;79
148;79
149;79
150;79
149;79
149;80
148;80
147;80
146;80
145;80
146;80
147;80
148;80
149;80
150;80
149;80
149;81
148;81
147;81
146;81
145;81
146;81
147;81
148;81
149;81
150;81
149;81
149;82
148;82
147;82
146;82
145;82
144;82
145;82
146;82
147;82
148;82
149;82
148;82
148;83
147;83
146;83
145;83
144;83
145;83
146;83
147;83
148;83
149;83
148;83
148;84
147;84
146;84
145;84
144;84
143;84
144;84
145;84
146;84
147;84
148;84
147;84
147;85
146;85
145;85
144;85
143;85
144;85
145;85
146;85
147;85
148;85
147;85
147;86
146;86
145;86
144;86
143;86
144;86
145;86
146;86
147;86
148;86
147;86
147;87
146;87
145;87
144;87
143;87
142;87
141;87
142;87
143;87
144;87
145;87
146;87
147;87
146;87
146;88
145;88
144;88
143;88
142;88
141;88
142;88
143;88
144;88
145;88
146;88
147;88
146;88
146;89
145;89
144;89
143;89
142;89
141;89
140;89
141;89
142;89
143;89
144;89
145;89
144;89
144;90
143;90
142;90
141;90
140;90
141;90
142;90
143;90
144;90
145;90
144;90
144;91
143;91
142;91
141;91
140;91
139;91
140;91
141;91
142;91
143;91
144;91
143;91
143;92
142;92
141;92
140;92
139;92
140;92
141;92
142;92
143;92
144;92
143;92
143;93
142;93
141;93
140;93
139;93
140;93
141;93
142;93
143;93
144;93
143;93
143;94
142;94
141;94
140;94
139;94
138;94
139;94
140;94
141;94
142;94
143;94
142;94
142;95
141;95
140;95
139;95
138;95
139;95
140;95
141;95
142;95
143;95
142;95
142;96
141;96
140;96
139;96
138;96
139;96
140;96
141;96
142;96
143;96
142;96
142;97
141;97
140;97
139;97
138;97
139;97
140;97
141;97
142;97
143;97
142;97
142;98
141;98
140;98
139;98
138;98
137;98
138;98
139;98
140;98
141;98
142;98
141;98
141;99
140;99
139;99
138;99
137;99
136;99
135;99
136;99
137;99
138;99
139;99
140;99
139;99
139;100
138;100
137;100
136;100
135;100
136;100
137;100
138;100
139;100
140;100
139;100
139;101
138;101
137;101
136;101
135;101
136;101
137;101
138;101
139;101
140;101
139;101
139;102
138;102
137;102
136;102
135;102
134;102
135;102
136;102
137;102
138;102
139;102
138;102
138;103
137;103
136;103
135;103
134;103
135;103
136;103
137;103
138;103
139;103
138;103
138;104
137;104
136;104
135;104
134;104
135;104
136;104
137;104
138;104
139;104
138;104
138;105
137;105
136;105
135;105
134;105
133;105
134;105
135;105
136;105
137;105
138;105
137;105
137;106
136;106
135;106
134;106
133;106
134;106
135;106
136;106
137;106
138;106
137;106
137;107
136;107
135;107
134;107
133;107
132;107
133;107
134;107
135;107
136;107
137;107
136;107
136;108
135;108
134;108
133;108
132;108
133;108
134;108
135;108
136;108
137;108
136;108
136;109
135;109
134;109
133;109
132;109
133;109
134;109
135;109
136;109
137;109
136;109
136;110
135;110
134;110
133;110
132;110
131;110
130;110
131;110
132;110
133;110
134;110
135;110
136;110
137;110
136;110
136;111
135;111
134;111
133;111
132;111
131;111
130;111
131;111
132;111
133;111
134;111
135;111
136;111
135;111
135;112
134;112
133;112
132;112
131;112
130;112
129;112
130;112
131;112
132;112
133;112
134;112
133;112
133;113
132;113
131;113
130;113
129;113
130;113
131;113
132;113
133;113
134;113
133;113
133;114
132;114
131;114
130;114
129;114
130;114
131;114
132;114
133;114
134;114
133;114
133;115
132;115
131;115
130;115
129;115
130;115
131;115
132;115
133;115
134;115
133;115
133;116
132;116
131;116
130;116
129;116
128;116
129;116
130;116
131;116
132;116
133;116
132;116
132;117
131;117
130;117
129;117
128;117
129;117
130;117
131;117
132;117
133;117
132;117
132;118
131;118
130;118
129;118
128;118
127;118
128;118
129;118
130;118
131;118
132;118
131;118
131;119
130;119
129;119
128;119
127;119
128;119
129;119
130;119
131;119
132;119
131;119
131;120
130;120
129;120
128;120
127;120
128;120
129;120
130;120
131;120
132;120
131;120
131;121
130;121
129;121
128;121
127;121
126;121
127;121
128;121
129;121
130;121
131;121
130;121
130;122
129;122
128;122
127;122
126;122
127;122
128;122
129;122
130;122
131;122
130;122
130;123
129;123
128;123
127;123
126;123
125;123
124;123
125;123
126;123
127;123
128;123
129;123
128;123
128;124
127;124
126;124
125;124
124;124
125;124
126;124
127;124
128;124
129;124
128;124
128;125
127;125
126;125
125;125
124;125
125;125
126;125
127;125
128;125
129;125
128;125
128;126
127;126
126;126
125;126
124;126
123;126
124;126
125;126
126;126
127;126
128;126
127;126
127;127
126;127
125;127
124;127
123;127
124;127
125;127
126;127
127;127
128;127
127;127
127;128
126;128
125;128
124;128
123;128
124;128
125;128
126;128
127;128
128;128
127;128
127;129
126;129
125;129
124;129
123;129
122;129
123;129
124;129
125;129
126;129
127;129
126;129
126;130
125;130
124;130
123;130
122;130
123;130
124;130
125;130
126;130
127;130
126;130
126;131
125;131
124;131
123;131
122;131
123;131
124;131
125;131
126;131
127;131
126;131
126;132
125;132
124;132
123;132
122;132
121;132
122;132
123;132
124;132
125;132
126;132
125;132
125;133
124;133
123;133
122;133
121;133
120;133
121;133
122;133
123;133
124;133
125;133
124;133
124;134
123;134
122;134
121;134
120;134
121;134
122;134
123;134
124;134
125;134
124;134
124;135
123;135
122;135
121;135
120;135
121;135
122;135
123;135
124;135
125;135
124;135
124;136
123;136
122;136
121;136
120;136
121;136
122;136
123;136
124;136
125;136
124;136
124;137
123;137
122;137
121;137
120;137
119;137
118;137
119;137
120;137
121;137
122;137
123;137
122;137
122;138
121;138
120;138
119;138
118;138
119;138
120;138
121;138
122;138
123;138
122;138
122;139
121;139
120;139
119;139
118;139
117;139
118;139
119;139
120;139
121;139
122;139
121;139
121;140
120;140
119;140
118;140
117;140
118;140
119;140
120;140
121;140
122;140
121;140
121;141
120;141
119;141
118;141
117;141
118;141
119;141
120;141
121;141
122;141
121;141
121;142
120;142
119;142
118;142
117;142
118;142
119;142
120;142
121;142
122;142
121;142
121;143
120;143
119;143
118;143
117;143
116;143
117;143
118;143
119;143
120;143
121;143
120;143
120;144
119;144
118;144
117;144
116;144
115;144
116;144
117;144
118;144
119;144
120;144
121;144
120;144
120;145
119;145
118;145
117;145
116;145
115;145
116;145
117;145
118;145
119;145
120;145
119;145
119;146
118;146
117;146
116;146
115;146
114;146
113;146
114;146
115;146
116;146
117;146
118;146
119;146
118;146
118;147
117;147
116;147
115;147
114;147
113;147
114;147
115;147
116;147
117;147
118;147
119;147
118;147
118;148
117;148
116;148
115;148
114;148
113;148
114;148
115;148
116;148
117;148
118;148
119;148
118;148
118;149
117;149
116;149
115;149
114;149
113;149
114;149
115;149
116;149
117;149
118;149
119;149
118;149
118;150
117;150
116;150
115;150
114;150
113;150
112;150
113;150
114;150
115;150
116;150
117;150
116;150
116;151
115;151
114;151
113;151
112;151
113;151
114;151
115;151
116;151
117;151
116;151
116;152
115;152
114;152
113;152
112;152
111;152
112;152
113;152
114;152
115;152
116;152
115;152
115;153
114;153
113;153
112;153
111;153
112;153
113;153
114;153
115;153
116;153
115;153
115;154
114;154
113;154
112;154
111;154
112;154
113;154
114;154
115;154
116;154
115;154
115;155
114;155
113;155
112;155
111;155
110;155
111;155
112;155
113;155
114;155
115;155
116;155
115;155
115;156
114;156
113;156
112;156
111;156
110;156
111;156
112;156
113;156
114;156
115;156
114;156
114;157
113;157
112;157
111;157
110;157
109;157
110;157
111;157
112;157
113;157
114;157
113;157
113;158
112;158
111;158
110;158
109;158
110;158
111;158
112;158
113;158
114;158
113;158
113;159
112;159
111;159
110;159
109;159
110;159
111;159
112;159
113;159
114;159
113;159
113;160
112;160
111;160
110;160
109;160
108;160
107;160
108;160
109;160
110;160
111;160
112;160
111;160
111;161
110;161
109;161
108;161
107;161
108;161
109;161
110;161
111;161
112;161
111;161
111;162
110;162
109;162
108;162
107;162
108;162
109;162
110;162
111;162
112;162
111;162
111;163
110;163
109;163
108;163
107;163
106;163
107;163
108;163
109;163
110;163
111;163
110;163
110;164
109;164
108;164
107;164
106;164
107;164
108;164
109;164
110;164
111;164
110;164
110;165
109;165
108;165
107;165
106;165
107;165
108;165
109;165
110;165
111;165
110;165
110;166
109;166
108;166
107;166
106;166
105;166
106;166
107;166
108;166
109;166
110;166
109;166
109;167
108;167
107;167
106;167
105;167
104;167
105;167
106;167
107;167
108;167
109;167
110;167
109;167
109;168
108;168
107;168
106;168
105;168
104;168
105;168
106;168
107;168
108;168
109;168
108;168
108;169
107;169
106;169
105;169
104;169
105;169
106;169
107;169
108;169
109;169
108;169
108;170
107;170
106;170
105;170
104;170
105;170
106;170
107;170
108;170
109;170
108;170
108;171
107;171
106;171
105;171
104;171
103;171
102;171
103;171
104;171
105;171
106;171
107;171
108;171
107;171
107;172
106;172
105;172
104;172
103;172
102;172
103;172
104;172
105;172
106;172
107;172
108;172
107;172
107;173
106;173
105;173
104;173
103;173
102;173
101;173
102;173
103;173
104;173
105;173
106;173
105;173
105;174
104;174
103;174
102;174
101;174
102;174
103;174
104;174
105;174
106;174
105;174
105;175
104;175
103;175
102;175
101;175
102;175
103;175
104;175
105;175
106;175
105;175
105;176
104;176
103;176
102;176
101;176
102;176
103;176
104;176
105;176
106;176
105;176
105;177
104;177
103;177
102;177
101;177
100;177
101;177
102;177
103;177
104;177
105;177
104;177
104;178
103;178
102;178
101;178
100;178
99;178
100;178
101;178
102;178
103;178
104;178
105;178
104;178
104;179
103;179
102;179
101;179
100;179
99;179
100;179
101;179
102;179
103;179
104;179
103;179
103;180
102;180
101;180
100;180
99;180
98;180
99;180
100;180
101;180
102;180
103;180
102;180
102;181
101;181
100;181
99;181
98;181
99;181
100;181
101;181
102;181
103;181
102;181
102;182
101;182
100;182
99;182
98;182
99;182
100;182
101;182
102;182
103;182
102;182
102;183
101;183
100;183
99;183
98;183
99;183
100;183
101;183
102;183
103;183
102;183
102;184
101;184
100;184
99;184
98;184
97;184
96;184
97;184
98;184
99;184
100;184
101;184
100;184
100;185
99;185
98;185
97;185
96;185
97;185
98;185
99;185
100;185
101;185
100;185
100;186
99;186
98;186
97;186
96;186
97;186
98;186
99;186
100;186
101;186
100;186
100;187
99;187
98;187
97;187
96;187
95;187
96;187
97;187
98;187
99;187
100;187
99;187
99;188
98;188
97;188
96;188
95;188
96;188
97;188
98;188
99;188
100;188
99;188
99;189
98;189
97;189
96;189
95;189
96;189
97;189
98;189
99;189
100;189
99;189
99;190
98;190
97;190
96;190
95;190
94;190
95;190
96;190
97;190
98;190
99;190
98;190
98;191
97;191
96;191
95;191
94;191
93;191
94;191
95;191
96;191
97;191
98;191
97;191
97;192
96;192
95;192
94;192
93;192
94;192
95;192
96;192
97;192
98;192
97;192
97;193
96;193
95;193
94;193
93;193
94;193
95;193
96;193
97;193
98;193
97;193
97;194
96;194
95;194
94;194
93;194
92;194
91;194
92;194
93;194
94;194
95;194
96;194
97;194
96;194
96;195
95;195
94;195
93;195
92;195
91;195
92;195
93;195
94;195
95;195
96;195
97;195
96;195
96;196
95;196
94;196
93;196
92;196
91;196
92;196
93;196
94;196
95;196
96;196
97;196
96;196
96;197
95;197
94;197
93;197
92;197
91;197
92;197
93;197
94;197
95;197
96;197
97;197
96;197
96;198
95;198
94;198
93;198
92;198
91;198
90;198
91;198
92;198
93;198
94;198
95;198
94;198
94;199
93;199
92;199
91;199
90;199
91;199
92;199
93;199
94;199
95;199
94;199
94;200
93;200
92;200
91;200
90;200
89;200
90;200
91;200
92;200
93;200
94;200
93;200
93;201
92;201
91;201
90;201
89;201
90;201
91;201
92;201
93;201
94;201
93;201
93;202
92;202
91;202
90;202
89;202
88;202
89;202
90;202
91;202
92;202
93;202
92;202
92;203
91;203
90;203
89;203
88;203
89;203
90;203
91;203
92;203
93;203
92;203
92;204
91;204
90;204
89;204
88;204
89;204
90;204
91;204
92;204
93;204
92;204
92;205
91;205
90;205
89;205
88;205
87;205
88;205
89;205
90;205
91;205
92;205
91;205
91;206
90;206
89;206
88;206
87;206
88;206
89;206
90;206
91;206
92;206
91;206
91;207
90;207
89;207
88;207
87;207
86;207
85;207
86;207
87;207
88;207
89;207
90;207
89;207
89;208
88;208
87;208
86;208
85;208
86;208
87;208
88;208
89;208
90;208
89;208
89;209
88;209
87;209
86;209
85;209
86;209
87;209
88;209
89;209
90;209
89;209
89;210
88;210
87;210
86;210
85;210
86;210
87;210
88;210
89;210
90;210
89;210
89;211
88;211
87;211
86;211
85;211
84;211
85;211
86;211
87;211
88;211
89;211
88;211
88;212
87;212
86;212
85;212
84;212
83;212
84;212
85;212
86;212
87;212
88;212
89;212
88;212
88;213
87;213
86;213
85;213
84;213
83;213
84;213
85;213
86;213
87;213
88;213
87;213
87;214
86;214
85;214
84;214
83;214
84;214
85;214
86;214
87;214
88;214
87;214
87;215
86;215
85;215
84;215
83;215
84;215
85;215
86;215
87;215
88;215
87;215
87;216
86;216
85;216
84;216
83;216
82;216
83;216
84;216
85;216
86;216
87;216
86;216
86;217
85;217
84;217
83;217
82;217
83;217
84;217
85;217
86;217
87;217
86;217
86;218
85;218
84;218
83;218
82;218
81;218
80;218
81;218
82;218
83;218
84;218
85;218
86;218
85;218
85;219
84;219
83;219
82;219
81;219
80;219
81;219
82;219
83;219
84;219
85;219
86;219
85;219
85;220
84;220
83;220
82;220
81;220
80;220
81;220
82;220
83;220
84;220
85;220
86;220
85;220
85;221
84;221
83;221
82;221
81;221
80;221
79;221
80;221
81;221
82;221
83;221
84;221
83;221
83;222
82;222
81;222
80;222
79;222
80;222
81;222
82;222
83;222
84;222
83;222
83;223
82;223
81;223
80;223
79;223
80;223
81;223
82;223
83;223
84;223
83;223
83;224
82;224
81;224
80;224
79;224
78;224
79;224
80;224
81;224
82;224
83;224
82;224
82;225
81;225
80;225
79;225
78;225
79;225
80;225
81;225
82;225
83;225
82;225
82;226
81;226
80;226
79;226
78;226
77;226
78;226
79;226
80;226
81;226
82;226
81;226
81;227
80;227
79;227
78;227
77;227
78;227
79;227
80;227
81;227
82;227
81;227
81;228
80;228
79;228
78;228
77;228
78;228
79;228
80;228
81;228
82;228
81;228
81;229
80;229
79;229
78;229
77;229
76;229
77;229
78;229
79;229
80;229
81;229
80;229
80;230
79;230
78;230
77;230
76;230
77;230
78;230
79;230
80;230
81;230
80;230
80;231
79;231
78;231
77;231
76;231
77;231
78;231
79;231
80;231
81;231
80;231
80;232
79;232
78;232
77;232
76;232
75;232
74;232
75;232
76;232
77;232
78;232
79;232
78;232
78;233
77;233
76;233
75;233
74;233
75;233
76;233
77;233
78;233
79;233
78;233
78;234
77;234
76;234
75;234
74;234
73;234
74;234
75;234
76;234
77;234
78;234
77;234
77;235
76;235
75;235
74;235
73;235
74;235
75;235
76;235
77;235
78;235
77;235
77;236
76;236
75;236
74;236
73;236
74;236
75;236
76;236
77;236
78;236
77;236
77;237
76;237
75;237
74;237
73;237
72;237
73;237
74;237
75;237
76;237
77;237
76;237
76;238
75;238
74;238
73;238
72;238
73;238
74;238
75;238
76;238
77;238
76;238
76;239
75;239
74;239
73;239
72;239
71;239
72;239
73;239
74;239
75;239
76;239
75;239
75;240
74;240
73;240
72;240
71;240
72;240
73;240
74;240
75;240
76;240
75;240
75;241
74;241
73;241
72;241
71;241
72;241
73;241
74;241
75;241
76;241
75;241
75;242
74;242
73;242
72;242
71;242
72;242
73;242
74;242
75;242
76;242
75;242
75;243
74;243
73;243
72;243
71;243
72;243
73;243
74;243
75;243
76;243
75;243
75;244
74;244
73;244
72;244
73;244
74;244
75;244
74;244
74;245
73;245